[waypoints]
120,796,128,100,1
176,1122,64,50,1
196,1464,32,50,1
250,1530,32,100,1
528,1450,64,100,1
896,1550,64,100,1
1096,1634,64,100,1
1112,1758,64,60,1
1048,1840,64,50,1
1064,1894,32,50,1
1194,1912,32,100,1
1428,1868,32,100,1
1582,1698,64,100,1
1806,1528,64,100,1
1852,1314,64,100,1
1822,1124,64,100,1
1876,482,128,100,1
1684,436,128,100,1
1444,454,128,100,1
1344,534,128,100,1
1242,640,128,100,1
1308,746,128,100,1
1452,714,128,100,1
1584,556,128,100,1
1570,298,128,100,1
1446,156,128,100,1
1022,90,128,100,1
756,146,128,100,1
326,234,128,100,1
122,608,128,100,1
[billboards]
1,336,1964
0,1202,1826
1,904,1518
1,530,1492
1,1110,1844
0,1918,1760
1,1620,1380
1,1766,1244
1,1556,1096
0,1808,1140
0,1634,1196
0,1018,608
1,1020,1790
1,1042,1764
0,264,464
0,1744,996