[waypoints]
42,1020,128,100,1
84,1154,128,100,1
412,1492,128,100,1
808,1526,128,100,1
1110,1740,128,100,1
1468,1684,128,100,1
1528,1500,128,100,1
1364,1188,128,100,1
1262,984,128,100,1
1250,774,128,100,1
1450,498,128,100,1
1532,342,128,90,1
1492,232,128,80,1
1262,228,128,100,1
528,418,128,100,1
348,420,128,100,1
164,332,128,80,1
40,468,128,100,1
[billboards]
0,-4,648
0,-10,736
1,130,736
1,126,648
1,128,824
1,128,906
1,126,992
0,-8,826
0,-8,910
0,-8,992
1,1018,390
1,924,388
1,164,398
1,836,388
1,754,388
0,484,368