[waypoints]
126,668,128,100,1
340,860,128,100,1
886,926,128,100,1
1404,870,128,75,1
1574,720,128,75,1
1676,760,128,75,1
1700,1146,128,100,1
1422,1338,128,100,1
1254,1330,128,100,1
1118,1410,128,100,1
1332,1510,128,100,1
1636,1536,128,100,1
1662,1624,128,100,1
1508,1810,128,100,1
1566,1876,128,100,1
1678,1878,128,100,1
1900,1658,128,100,1
1910,1592,128,100,1
1854,1412,128,100,1
1940,1194,128,100,1
1862,1004,128,100,1
1878,910,128,100,1
1956,752,128,100,1
1944,550,128,100,1
1764,346,128,100,1
1600,62,128,100,1
680,66,128,100,1
572,244,128,100,1
212,250,128,100,1
118,488,128,100,1
[billboards]
0,1418,854
0,1026,1386
0,1300,1410
1,1162,1410
1,1414,1408
1,996,1288
1,1870,1466
1,1910,1118
1,1928,690
1,1632,140
1,772,78
0,120,516
0,1556,1838