[waypoints]
84,1216,128,100,1
126,1550,128,100,1
284,1716,128,100,1
606,1724,128,100,1
748,1616,128,100,1
1468,1688,128,100,1
1582,1936,128,100,1
1942,1928,128,100,1
1984,1180,128,100,1
1950,1044,128,100,1
1822,1150,128,100,1
1560,1148,128,100,1
1544,1036,128,100,1
1786,648,128,100,1
1634,400,128,100,1
1168,402,128,100,1
1030,512,128,100,1
806,350,128,100,1
356,350,128,100,1
112,580,128,100,1
90,986,128,100,1
[billboards]
0,792,1692
0,792,1586
0,1214,1680
0,1212,1592
0,1550,1842
0,1908,1838
0,1944,1036
1,326,1540
1,512,1664
1,336,1670
1,494,1530
1,1648,1072
1,1764,1044
1,1026,440
1,1022,328
1,1072,380