[waypoints]
52,1576,128,100,1
424,1950,128,100,1
1318,1992,128,100,1
1692,1994,128,80,1
1936,1772,128,100,1
1938,1514,128,100,1
1770,1388,128,100,1
1516,1582,128,100,1
1310,1578,128,100,1
1142,1428,128,100,1
926,1424,128,100,1
752,1588,128,100,1
478,1582,128,100,1
518,626,128,100,1
516,332,128,80,1
258,184,128,100,1
106,376,128,100,1
88,898,128,100,1
[billboards]
1,1378,1550
1,996,1462
1,1778,1462
1,604,1548
0,1378,2040
0,568,736
0,10,1380
1,288,248
1,1776,1866
1,10,1064
1,182,1062
0,160,96
0,414,96
0,2014,1442
0,2016,1888
0,2040,1670
