[waypoints]
92,480,128,100,1
66,1124,128,100,1
62,1502,128,100,1
80,1584,128,100,1
218,1604,128,100,1
426,1580,128,100,1
448,1488,128,100,1
458,1330,128,100,1
536,1290,128,100,1
900,1388,128,100,1
1146,1598,128,100,1
1700,1588,128,100,1
1722,1412,128,100,1
1654,610,128,100,1
1614,584,128,100,1
994,586,128,100,1
656,594,128,100,1
536,518,128,100,1
450,426,128,100,1
344,346,128,100,1
146,324,128,100,1
92,418,128,100,1
[billboards]
1,90,1152
0,82,1532
0,106,1568
0,144,1574
0,550,1306
1,860,1360
0,1238,1622
0,1434,1582
0,1694,1592
1,1554,1206
0,1054,1116
0,988,1072
0,882,562
0,770,564
0,676,568
1,1684,630